25 
100
0 24
1 3
1 9
1 14
1 15 
2 10
2 23
2 0
2 12
2 5
2 7
2 4 
3 9
3 1
3 6
3 15
3 23
3 23
3 20
3 24
3 14 
4 14
4 17
4 11
4 8
4 13
4 2 
5 8
5 7
5 10
5 16
5 12
5 2
5 21
5 22 
6 14
6 24
6 22
6 3
6 12
6 7
6 21
6 16 
7 5
7 9
7 6
7 2
7 12
7 22
7 21
7 11
7 18 
8 5
8 4
8 21
8 23
8 9
8 19
8 15
8 17
8 11
8 22
8 18
8 10
8 20
8 14 
9 16
9 20
9 3
9 1
9 8
9 7
9 15
9 14 
10 2
10 5
10 23
10 12
10 22
10 13
10 8 
11 24
11 14
11 4
11 12
11 8
11 18
11 7 
12 21
12 20
12 18
12 23
12 11
12 10
12 5
12 2
12 7 
12 7 
13 14
13 4
13 19
13 20
13 16
13 22
13 10 
14 6
14 4
14 13
14 11
14 20
14 19
14 1
14 9
14 3
14 8 
15 24
15 8
15 3
15 9
15 1
15 20 
16 9
16 18
16 24
16 5
16 13
16 21
16 6 
17 4
17 19
17 20
17 21
17 8
17 23 
18 12
18 16
18 20
18 11
18 8
18 19
18 7 
19 17
19 8
19 13
19 14
19 21
19 22
19 24
19 18
19 23 
20 9
20 12
20 24
20 14
20 17
20 13
20 23
20 18
20 3
20 15
20 8
20 22
21 12
21 8
21 17
21 5
21 23
21 19
21 6
21 16
21 7 
22 6
22 10
22 5
22 19
22 24
22 7
22 13
22 8
22 20 
23 12
23 2
23 8
23 10
23 21
23 20
23 3
23 17
23 24
23 19 
24 6
24 0
24 11
24 16
24 15
24 20
24 19 
24 22
24 3
24 23 
