25 
100
0 24
1 3 9 14 15 
2 10 23 0 12 5 7 4 
3 9 1 6 15 23 23 20 24 14 
4 14 17 11 8 13 2 
5 8 7 10 16 12 2 21 22 
6 14 24 22 3 12 7 21 16 
7 5 9 6 2 12 22 21 11 18 
8 5 4 21 23 9 19 15 17 11 22 18 10 20 14 
9 16 20 3 1 8 7 15 14 
10 2 5 23 12 22 13 8 
11 24 14 4 12 8 18 7 
12 21 20 18 23 11 10 5 2 6 7 
13 14 4 19 20 16 22 10 
14 6 4 13 11 20 19 1 9 3 8 
15 24 8 3 9 1 20 
16 9 18 24 5 13 21 6 
17 4 19 20 21 8 23 
18 12 16 20 11 8 19 7 
19 17 8 13 14 21 22 24 18 23 
20 9 12 24 14 17 13 23 18 3 15 8 22
21 12 8 17 5 23 19 6 16 7 
22 6 10 5 19 24 7 13 8 20 
23 12 2 8 10 21 20 3 17 24 19 
24 6 0 11 16 15 20 19 22 3 23 
